       intercept  bedrooms  ...  dec_built_200  dec_built_201
6              1         3  ...              0              0
42             1         5  ...              0              1
49             1         3  ...              0              0
62             1         3  ...              0              0
275            1         3  ...              1              0
...          ...       ...  ...            ...            ...
21462          1         3  ...              1              0
21540          1         4  ...              0              1
21542          1         3  ...              1              0
21578          1         3  ...              0              1
21604          1         3  ...              1              0

[279 rows x 80 columns]6         257500.0
42        861990.0
49       1350000.0
62        505000.0
275       365000.0
           ...    
21462     400000.0
21540     370000.0
21542     338500.0
21578     399950.0
21604     467000.0
Name: price, Length: 279, dtype: float64